F 0.0 0.0 0.0
F -14.415437521769585 87.99595590715857 0.03723130490740422
F -14.167261998132869 88.74487985867519 0.043617897362931514
F -14.324084998095188 87.96830066953088 0.04511487796932028
F -14.45714460284603 86.88287916236843 0.04523196154314061
F -14.595724431434462 85.81449549057481 0.044415433492974804
F -14.733403051332672 84.77375297563043 0.04340485869843094
F -14.832528005708175 83.78519161980967 0.04259998765433239
F -14.93678229736854 82.89847979688183 0.04169482291033526
F -15.038583767254053 82.10113220376807 0.04068681627901922
F -15.123903849411391 81.38037126364775 0.03971441939217735
F -15.21309722511855 80.72038493683453 0.0388262549427458
F -15.310923618376833 80.18047525990443 0.037829231857863015
F -15.363957704700443 79.77837420210159 0.03700763219531595
F 9.085818218335659 80.10730139598834 0.038987432921655296
F 52.96251518261684 81.42837210234116 0.04792930797444596
F 97.37019320753478 83.4069542770807 0.05696069424838723
F 142.31686891790235 85.84007345697499 0.06176981225451697
F 142.11591245718068 85.7837698310013 0.0598702430273345
F 186.88812647629177 88.06005106909123 0.05484870787250016
F 231.30631879422359 90.65806585456129 0.058056166965847346
