F 35.62923095883989 23.22080982106016 0.037276235626778835
E 0.0 100.0 100.0 0.17453292519943295
W C 1805.0 190.0 1191.0 747.0 482.0 682.0
F 38.295434222807586 32.783039265020484 0.04371046978085833
E -2.6974091821318282 76.41632429454936 90.22111186193483 0.12018839113955643
W C 1805.0 190.0 1191.0 747.0 482.0 682.0
F 39.205139472063905 38.778707440937595 0.04521529416315214
E -2.6974091821318282 76.41632429454936 90.22111186193483 0.12018839113955643
W C 1805.0 190.0 1191.0 747.0 482.0 682.0
F 39.94227137859237 43.345253212801055 0.04533138556798024
E -2.6882565824700224 64.24607640626863 85.226259479082 0.10237148084166917
W C 1805.0 190.0 1191.0 747.0 482.0 682.0
F 40.13636248444316 47.48740275799576 0.04450793933645003
E -2.6882565824700224 64.24607640626863 85.226259479082 0.10237148084166917
W C 1805.0 190.0 1191.0 747.0 482.0 682.0
F 39.97545450051346 50.7612100239042 0.04348977067733555
E -2.685963442651068 56.49419811214828 81.41025022800305 0.09249873107663747
W C 1805.0 190.0 1191.0 747.0 482.0 682.0
F 39.88463544605951 53.18658889088976 0.042679347574499274
E -2.685963442651068 56.49419811214828 81.41025022800305 0.09249873107663747
W C 1805.0 190.0 1191.0 747.0 482.0 682.0
F 39.58010416975256 55.296779009560105 0.041768021982991475
E -2.6855364825350354 51.004124504825484 78.2045513734471 0.08582420352479049
W C 1805.0 190.0 1191.0 747.0 482.0 682.0
F 39.16029958097758 57.27773535345268 0.040753127243736656
E -2.6855364825350354 51.004124504825484 78.2045513734471 0.08582420352479049
W C 1805.0 190.0 1191.0 747.0 482.0 682.0
F 38.825783757382695 59.11187846730645 0.039774060433179576
E -2.6858487635317503 46.85384771511158 75.4102992308815 0.08081972696213761
W C 1805.0 190.0 1191.0 747.0 482.0 682.0
F 38.44810965224896 60.65988354380527 0.03887968522873473
E -2.6858487635317503 46.85384771511158 75.4102992308815 0.08081972696213761
W C 1805.0 190.0 1191.0 747.0 482.0 682.0
F 37.93382293915238 62.2043477531894 0.03787512086092292
E -2.6865355117485272 43.5742502579024 72.92498314083475 0.07682776184999345
W C 1805.0 190.0 1191.0 747.0 482.0 682.0
F 37.55494712616744 63.50030086949466 0.037046362216543505
E -2.6865355117485272 43.5742502579024 72.92498314083475 0.07682776184999345
W C 1805.0 190.0 1191.0 747.0 482.0 682.0
F 60.35430922126463 65.51581246471308 0.03901106363151621
E -2.687346422005553 40.89831933056397 70.6861914066409 0.07351066567828198
W C 1805.0 190.0 1191.0 747.0 482.0 682.0
F 101.94387553225948 68.91236287964236 0.047941655364593896
E -2.687346422005553 40.89831933056397 70.6861914066409 0.07351066567828198
W C 1805.0 190.0 1191.0 747.0 482.0 682.0
F 143.10057986859306 72.50037037901224 0.05698876667376292
E -2.688190503245503 38.661021735430445 68.65248029475755 0.07067611618424505
W C 1805.0 190.0 1191.0 747.0 482.0 682.0
F 184.1868447420298 76.52822385303162 0.061807830081743856
E -2.688190503245503 38.661021735430445 68.65248029475755 0.07067611618424505
W C 1805.0 190.0 1191.0 747.0 482.0 682.0
F 181.95520784328676 77.6782113292147 0.05989302198504537
E -2.6890345351371243 36.75434557767998 66.79211258914927 0.06820388606825879
W C 1805.0 190.0 1191.0 747.0 482.0 682.0
F 224.91427838655258 81.11143185082302 0.05485774885222795
E -2.6890345351371243 36.75434557767998 66.79211258914927 0.06820388606825879
W C 1805.0 190.0 1191.0 747.0 482.0 682.0
F 267.02748848468525 84.48726780958177 0.05806454237432877
E -2.689872284334447 35.10412542838291 65.07966055997552 0.06601424801577628
W C 1805.0 190.0 1191.0 747.0 482.0 682.0
F 307.9471361605605 87.58856151295203 0.06064071178851632
E -2.689872284334447 35.10412542838291 65.07966055997552 0.06601424801577628
W C 1805.0 190.0 1191.0 747.0 482.0 682.0
F 348.2434333459755 90.54450880764736 0.06369276279237293
E -2.690689929906419 33.657632895845275 63.49571724139328 0.0640513847825641
W C 1805.0 190.0 1191.0 747.0 482.0 682.0
F 345.66585235515436 90.28659217197799 0.05766866626770359
E -2.690689929906419 33.657632895845275 63.49571724139328 0.0640513847825641
W C 1805.0 190.0 1191.0 747.0 482.0 682.0
F 388.16198153781335 92.42040576195761 0.0504073399691756
E -2.6914867860733707 32.37610826623437 62.0249256735197 0.06227497424892251
W C 1805.0 190.0 1191.0 747.0 482.0 682.0
F 429.62337889198085 94.89939836087241 0.055026593764891746
E -2.6914867860733707 32.37610826623437 62.0249256735197 0.06227497424892251
W C 1805.0 190.0 1191.0 747.0 482.0 682.0
F 429.3628706398045 94.4468190485229 0.043917374550405425
E -2.692262231596851 31.230418583457332 60.65345809436354 0.060654333068903096
W C 1805.0 190.0 1191.0 747.0 482.0 682.0
F 472.9324793547319 95.89753466681765 0.036233284554288876
E -2.6778153991063482 31.77389062788064 59.69186452755636 0.09970120702248286
W C 1805.0 190.0 1191.0 747.0 482.0 682.0
F 515.5358886872525 97.23731268253242 0.03815697837221949
E -2.679186142637783 30.6879720478698 58.40553813953487 0.08842219312463243
W C 1805.0 190.0 1191.0 747.0 482.0 682.0
F 557.3313824661717 98.35863804381384 0.040052530079322884
E -2.6444930340663224 32.38566429235279 56.99162214065644 0.16688971158651994
W C 1805.0 190.0 1191.0 747.0 482.0 682.0
F 599.7252986993134 99.1497354993849 0.037177083371154995
E -2.646145487907832 31.217755663430417 55.67762033357485 0.11691522917758143
W C 1805.0 190.0 1191.0 747.0 482.0 682.0
F 640.1285286560601 99.91243737216816 0.04301346448334231
E -2.6109471315883463 32.99764491812356 54.570029410586756 0.18488605862952742
W C 1805.0 190.0 1191.0 747.0 482.0 682.0
F 638.5930841307138 98.64029251671394 0.03581629856292644
E -2.6113639899302172 31.72168251465298 53.18132429932384 0.1209711999456256
W C 1805.0 190.0 1191.0 747.0 482.0 682.0
F 682.3376199350204 98.66691731325935 0.022398800883369624
E -2.5738652068580796 33.52948454117206 52.28825197860357 0.18789271830139181
W C 1805.0 190.0 1191.0 747.0 482.0 682.0
F 724.0700825694354 98.98836090476333 0.02637902048259327
E -2.5739178666605516 32.158348387145416 50.877349526437605 0.12117300237540063
W C 1805.0 190.0 1191.0 747.0 482.0 682.0
F 766.2798551038662 98.82865022831007 0.023439396829672266
E -2.5739178666605516 32.158348387145416 50.877349526437605 0.12117300237540063
W C 1805.0 190.0 1191.0 747.0 482.0 682.0
F 764.8201983142743 97.47791710034768 0.016059466145798864
E -2.5805091534881774 31.008266575004427 49.80010226133484 0.09876943647697549
W C 1805.0 190.0 1191.0 747.0 482.0 682.0
F 809.5168058317049 96.2114982130747 -0.023882960344605676
E -2.52914240688726 32.72104011381589 48.894203721384244 0.17351030654127717
W C 1805.0 190.0 1191.0 747.0
F 853.5652483636649 94.59249555285605 -0.04270651133321148
E -2.534962144646801 31.466275572542393 47.71563923156413 0.11732880641843167
W C 1805.0 190.0 1191.0 747.0
F 896.6542119547538 92.78858764203365 -0.05289678895115663
E -2.4789769384660256 33.20473257562313 47.112007329385385 0.18514786706167716
W C 1805.0 190.0 1191.0 747.0
F 939.6003225598117 90.05477349884013 -0.06636077235767851
E -2.4834711285612507 31.836147701186416 45.855783017620894 0.11982566109765576
W C 1805.0 190.0 1191.0 747.0
F 938.6509766120613 90.45428193401453 -0.07388045388907263
E -2.4189957675826856 33.55352417883389 45.476284516537845 0.18674012134355306
W C 1805.0 190.0 1191.0 747.0
F 981.4055133518349 87.55192421190921 -0.08002462696002924
E -2.4247519744617314 32.10717458004767 44.18696018348598 0.11986120124408231
W C 1805.0 190.0 1191.0 747.0
F 1023.2102757974139 84.44129152486447 -0.08065474831141631
E -0.7769012614854905 43.99087548916561 33.78574744235971 0.1867629284027991
W C 1805.0 190.0 1191.0 747.0
F 1064.3372564807505 81.02548276173245 -0.0840003910304011
E -2.356643888516613 32.27221270590811 42.69990262745091 0.1196511665891524
W C 1805.0 190.0 1191.0 747.0
F 1061.8213251626653 81.05441482635528 -0.09115362692780178
E -2.356643888516613 32.27221270590811 42.69990262745091 0.1196511665891524
W C 1805.0 190.0 1191.0 747.0
F 1103.8906697381385 76.43212269068786 -0.10414890204851533
E -2.380953125100263 31.089427362017148 41.7518891637849 0.0969388366318113
W C 1805.0 190.0 1191.0 747.0
F 1145.0672672552305 71.55684411286573 -0.11191220760183779
E -0.6979482074509691 41.59297516235608 32.54285557402995 0.17294745418607255
W C 1805.0 190.0 1191.0 747.0
F 1185.408222359094 66.34822553906936 -0.11480030972097696
E -0.7208213666367383 40.4967527041287 31.251604305683298 0.1161233910288897
W C 1805.0 190.0 1191.0 747.0
F 1225.3995721216083 60.86973321309715 -0.11584445717549965
E -0.6010088528190728 40.69913691276611 32.710038200339525 0.18438634929398404
W C 1805.0 190.0 1191.0 747.0
F 1223.084302538331 59.62852343684094 -0.1358033362447416
E -0.6223175276060688 39.5039101623461 31.29153408751122 0.11876219573879537
W C 1805.0 190.0 1191.0 747.0
F 1263.6957877703835 52.841443572355075 -0.14436941033716008
E -0.6223175276060688 39.5039101623461 31.29153408751122 0.11876219573879537
W C 1805.0 190.0 1191.0 747.0
F 1304.2236733547718 45.077692041443214 -0.16016030776078746
E -0.6594800453837368 38.58198032180854 30.21939089225939 0.09609932701642455
W C 1805.0 190.0 1191.0 747.0
F 1343.590481624854 37.81083424567744 -0.15541254211112415
E -0.5085247134000247 38.95356075724506 31.40793757221235 0.1724783015771096
W C 1805.0 190.0 1191.0 747.0
F 1341.6295331708975 34.74479432076545 -0.18118718664586536
E -0.5406440767696669 37.86669286999367 30.204980130829817 0.11564963551865813
W C 1805.0 190.0
F 1384.2879077266643 23.19168556011298 -0.2174386298746615
E -0.39674629811166345 38.603012385388446 31.43800329492731 0.18408835394318984
W C 1805.0 190.0
F 1426.196428807786 11.976704921955918 -0.22933794410075245
E -0.4248533831451696 37.41221923703672 30.075314479495947 0.11842659205962724
W C 1805.0 190.0
F 1468.065011262038 0.5362323937540046 -0.2397519542279132
E -0.2881653170941881 38.4083404056485 31.289260019404114 0.18584547766564574
W C 1805.0 190.0
F 1466.9823787077087 -0.7393496383337945 -0.25070936386134923
E -0.31671678301313355 37.14297049755512 29.845545050353394 0.11870170660523903
W C 1805.0 190.0
F 1508.9952243291762 -12.405430690694061 -0.25222292834234683
E -0.18878437522270336 38.32983555101939 31.015573859616488 0.18602091014966815
W C 1805.0 190.0
F 1551.1556446558795 -24.600694737263986 -0.260673430661538
E -0.22020921076786712 37.01273905225014 29.531293172991866 0.11870044575003683
W C 1805.0 190.0
F 1592.5626064806706 -34.196540889837465 -0.22722040682631572
E -0.10582255376039328 38.364141682348574 30.654853389298516 0.18602010558854143
W C 1805.0 190.0
F 1635.3213966056903 -43.01932175617526 -0.16496722553449705
E -0.13766687575804662 36.99562087771035 29.15738416755314 0.11865162089222107
W C 1805.0 190.0
F 1634.2064306459092 -45.18631659395981 -0.18420787236115035
E -0.13766687575804662 36.99562087771035 29.15738416755314 0.11865162089222107
W C 1805.0 190.0
F 1677.9904538079418 -49.851960082242904 -0.09939718485197345
E -0.18024812029716003 35.824133808491766 28.293670502822962 0.09539957201590138
W C 1805.0 190.0
F 1722.0088826172437 -50.24333485982588 -0.008662723140426052
E -0.0648676122211222 37.280756364766184 28.954728323270952 0.17208940177341492
W C 1805.0 190.0
F 1764.3196293167082 -45.6973984064607 0.09918130355288331
E -0.09704291735190307 36.02521237762471 27.846774138675606 0.11517330555149558
W C 1805.0 190.0
F 1806.2969920150115 -36.39155310007075 0.2057063344969845
E -0.00611084402028865 37.605662259543756 28.80142863535 0.18378948330514677
W C 1805.0 190.0
F 1806.135618802718 -37.10170684396793 0.20033851225034638
E -0.03329436562118689 36.29011947607022 27.4758645776412 0.11809061079620391
W C 1805.0 190.0
F 1847.4081138808397 -23.66473235074838 0.30389357309395765
E 0.046167241943882976 37.938955245585774 28.58858596332051 0.18605116159976579
W C 1805.0 190.0
F 1886.6229859594669 -5.915278371759236 0.4165293902483306
E 0.020327740857663465 36.57286926278932 27.15420965131018 0.11857760321140642
W C 1805.0 190.0
F 1922.0233567501916 15.203816105904394 0.5322322489503044
E 0.020327740857663465 36.57286926278932 27.15420965131018 0.11857760321140642
W C 1805.0 190.0
F 1956.7786885621113 40.5481899509536 0.6307524884228284
E -0.007227659375709314 35.36811634685985 26.402464826719413 0.09515732416675517
W C 1805.0 190.0
F 1956.7786885621113 40.5481899509536 0.6307524884228284
E 0.0640523376071427 37.07169638655767 27.061566977174916 0.17147985664982812
W C
F 1987.4706263677422 74.53707382193662 0.8086299077776671
E 0.03256614055727334 36.05223546947723 26.20567860304042 0.12458979840650508
W C
F 2010.431729776784 113.00321937572427 1.0000170045518608
E 0.08141414676071963 37.795387471189756 27.291795976529208 0.18983229896118373
W C
F 2025.9796362748489 154.23436341059028 1.1778944239066993
E 0.054745025244561825 36.71763670654152 26.11200609123859 0.13064454733925632
W C
F 2025.9796362748489 154.23436341059028 1.1778944239066993
E 0.09565791743318314 38.4573774947109 27.445492638248133 0.1938599536041259
W C
F 2034.4731750036758 194.56712421631815 1.3287524884228281
E 0.0713029533615741 37.318828037393224 26.082016357011284 0.13181489050818698
W C
F 2036.7539874993954 236.77499209181147 1.4841137787454084
E 0.11048015752081872 39.06699338122692 27.533626630192032 0.19505078244930724
W C
F 2032.9256694784985 278.15006521433384 1.6304686174550858
E 0.08575773713994493 37.8680662668337 26.077326035562805 0.13226390965495474
W C
F 2032.9256694784985 278.15006521433384 1.6304686174550858
E 0.08575773713994493 37.8680662668337 26.077326035562805 0.13226390965495474
W C
F 2023.0156629575463 318.33052093084353 1.7790750690679893
E 0.06614821769121913 36.789363485140846 25.529542167865742 0.10768215579089359
W C
F 2008.101776193762 356.1516800723983 1.9141718432615376
E 0.09818912074590362 38.53969951606007 26.284255162229382 0.17873408060535895
W C
F 1986.507514099856 392.6975288338946 2.071784746487344
E 0.07772259800164187 37.40200981333431 25.346496390686017 0.12765681394775222
W C
F 1907.5719377195703 434.06470653043635 2.394128162152016
E 0.11395774690938958 39.16834647278317 26.55951217632953 0.1918591827596628
W C 482.0 682.0
F 1892.472671050557 439.3988067876497 2.4258925288729705
E 0.09038892002422273 37.97129858514843 25.300020284233188 0.13192104327353363
W C 482.0 682.0
F 1846.5686455172697 464.50726160827276 2.5926932710816355
E 0.1290334176479485 39.74077161645275 26.746616620734653 0.19472248334563783
W C 482.0 682.0
F 1808.0026464797472 484.01848323092986 2.7000198654136893
E 0.10365791419010052 38.490169655372995 25.308209083440463 0.1327986011394549
W C 482.0 682.0
F 1764.9941755456068 497.8607881482594 2.8327459948480485
E 0.10365791419010052 38.490169655372995 25.308209083440463 0.1327986011394549
W C 482.0 682.0
F 1756.620038428321 499.1571763012397 2.862615969545051
E 0.0843028340086753 37.37065106134792 24.741637357646074 0.1083955952442477
W C 482.0 682.0
F 1709.2888624594175 508.6810297214381 2.9251929339680163
E 0.11742591536501146 39.160023137279474 25.564612024582157 0.17961984559137514
W C 482.0 682.0
F 1660.6501766798763 513.9546378868595 2.98610907681136
E 0.09588245366256234 37.98793766606257 24.586631269935957 0.12847799129750462
W C 482.0 682.0
F 1615.166887504209 516.5468805759318 3.0277924122856272
E 0.13211502678709075 39.790512424800376 25.897938624912598 0.1924065438329901
W C 482.0 682.0
F 1569.5350140818455 517.4999637211989 3.0691949496822355
E 0.10748870390128763 38.572210015064684 24.574233251558525 0.13257629923235753
W C 482.0 682.0
F 1567.2388948408116 516.431576810084 3.087214965457865
E 0.14641105519482334 40.3984732456275 26.13099706011385 0.19556614607991143
W C 482.0 682.0
F 1520.4515439629702 517.8905218403015 3.105463034142203
E 0.11886517767199871 39.139264200403886 24.61272360353608 0.13354749771099117
W C 482.0 682.0
F 1474.7342330642275 518.5418400407583 3.117266057486029
E 0.15935413954363897 40.99845273626557 26.284654471804696 0.19704384837474162
W C 482.0 682.0
F 1430.4233285936052 518.6809363386334 3.1225970878739857
E 0.1300118666066522 39.70726414259959 24.649206730258083 0.13405387300158542
W C 482.0 682.0
F 1386.562248673813 518.8013101451467 3.124947663472716
E 0.1300118666066522 39.70726414259959 24.649206730258083 0.13405387300158542
W C 482.0 682.0
F 1385.4601406463928 518.799836660935 3.1284560108490136
E 0.11015957714441688 38.56463403646986 23.985092495512905 0.10953231385633931
W C 482.0 682.0
