M 204 20795 20795 3000 0 16067 16066 3000 0 0 0 6000 0
M 524 20795 20794 3000 0 16067 16066 3000 0 0 0 6000 0
M 735 20795 20795 3000 0 16067 16066 3000 0 0 0 6000 0
M 995 20795 20795 3000 0 16067 16067 3000 0 0 0 6000 0
M 995 20795 20795 3000 0 16067 16067 3000 0 0 0 6000 0
M 1233 20795 20795 3000 0 16067 16067 3000 0 0 0 6000 0
M 1499 20795 20795 3000 0 16067 16067 3000 0 0 0 6000 0
M 1763 20795 20795 3000 0 16067 16067 3000 0 0 0 6000 0
M 1763 20795 20795 3000 0 16067 16067 3000 0 0 0 6000 0
M 2025 20795 20795 3000 0 16067 16066 3000 0 0 0 6000 0
M 2276 20795 20795 3000 0 16067 16066 3000 0 0 0 6000 0
M 2533 20795 20794 3000 0 16067 16067 3000 0 0 0 6000 0
M 2533 20795 20794 3000 0 16067 16067 3000 0 0 0 6000 0
M 2834 20866 20857 3000 500 16138 16129 3000 500 0 0 6000 0
M 3084 20993 20994 3000 500 16265 16267 3000 500 0 0 6000 0
M 3300 21122 21124 3000 500 16393 16395 3000 500 0 0 6000 0
M 3548 21251 21252 3000 500 16522 16523 3000 500 0 0 6000 0
M 3548 21251 21252 3000 500 16522 16523 3000 500 0 0 6000 0
M 3804 21379 21380 3000 500 16650 16652 3000 500 0 0 6000 0
M 4094 21507 21509 3000 500 16779 16780 3000 500 0 0 6000 0
M 4372 21636 21637 3000 500 16907 16910 3000 500 0 0 6000 0
M 4581 21764 21766 3000 500 17036 17037 3000 500 0 0 6000 0
M 4581 21764 21766 3000 500 17036 17037 3000 500 0 0 6000 0
M 4881 21893 21894 3000 500 17164 17166 3000 500 0 0 6000 0
M 5089 22021 22023 3000 500 17293 17294 3000 500 0 0 6000 0
M 5089 22021 22023 3000 500 17293 17294 3000 500 0 0 6000 0
M 5404 22150 22151 3000 500 17421 17423 3000 500 0 0 6000 0
M 5617 22278 22280 3000 500 17550 17552 3000 500 0 0 6000 0
M 5866 22407 22408 3000 500 17678 17680 3000 500 0 0 6000 0
M 6155 22535 22538 3000 500 17807 17809 3000 500 0 0 6000 0
M 6393 22664 22665 3000 500 17935 17937 3000 500 0 0 6000 0
M 6393 22664 22665 3000 500 17935 17937 3000 500 0 0 6000 0
M 6675 22792 22793 3000 500 18064 18066 3000 500 0 0 6000 0
M 6932 22921 22923 3000 500 18192 18194 3000 500 0 0 6000 0
M 7148 23050 23051 3000 500 18321 18323 3000 500 0 0 6000 0
M 7148 23050 23051 3000 500 18321 18323 3000 500 0 0 6000 0
M 7446 23178 23179 3000 500 18449 18451 3000 500 0 0 6000 0
M 7669 23306 23308 3000 500 18578 18579 3000 500 0 0 6000 0
M 7959 23435 23436 3000 500 18706 18708 3000 500 0 0 6000 0
M 8174 23564 23565 3000 500 18835 18837 3000 500 0 0 6000 0
M 8174 23564 23565 3000 500 18835 18837 3000 500 0 0 6000 0
M 8432 23692 23693 3000 500 18963 18965 3000 500 0 0 6000 0
M 8727 23820 23822 3000 500 19092 19093 3000 500 0 0 6000 0
M 8942 23949 23950 3000 500 19220 19222 3000 500 0 0 6000 0
M 8942 23949 23950 3000 500 19220 19222 3000 500 0 0 6000 0
M 9244 24077 24079 3000 500 19349 19351 3000 500 0 0 6000 0
M 9466 24206 24207 3000 500 19477 19480 3000 500 0 0 6000 0
M 9728 24335 24337 3000 500 19606 19608 3000 500 0 0 6000 0
M 9995 24465 24465 3000 500 19736 19737 3000 500 0 0 6000 0
M 9995 24465 24465 3000 500 19736 19737 3000 500 0 0 6000 0
M 10234 24593 24593 3000 500 19865 19866 3000 500 0 0 6000 0
M 10522 24722 24723 3000 500 19993 19994 3000 500 0 0 6000 0
M 10780 24850 24851 3000 500 20122 20123 3000 500 0 0 6000 0
M 10780 24850 24851 3000 500 20122 20123 3000 500 0 0 6000 0
M 11017 24979 24979 3000 500 20250 20251 3000 500 0 0 6000 0
M 11266 25107 25108 3000 500 20379 20379 3000 500 0 0 6000 0
M 11531 25236 25237 3000 500 20507 20509 3000 500 0 0 6000 0
M 11531 25236 25237 3000 500 20507 20509 3000 500 0 0 6000 0
M 11802 25364 25364 3000 500 20636 20637 3000 500 0 0 6000 0
M 12074 25493 25493 3000 500 20764 20765 3000 500 0 0 6000 0
M 12302 25618 25621 3000 417 20896 20894 3000 583 0 0 6000 0
M 12564 25724 25726 3000 417 21045 21046 3000 583 0 0 6000 0
M 12564 25724 25726 3000 417 21045 21046 3000 583 0 0 6000 0
M 12806 25832 25832 3000 417 21195 21195 3000 583 0 0 6000 0
M 13089 25939 25940 3000 417 21345 21346 3000 583 0 0 6000 0
M 13351 26046 26047 3000 417 21494 21495 3000 583 0 0 6000 0
M 13584 26153 26153 3000 417 21643 21644 3000 583 0 0 6000 0
M 13584 26153 26153 3000 417 21643 21644 3000 583 0 0 6000 0
M 13846 26259 26260 3000 417 21792 21794 3000 583 0 0 6000 0
M 14080 26367 26366 3000 417 21943 21942 3000 583 0 0 6000 0
M 14351 26472 26474 3000 417 22091 22093 3000 583 0 0 6000 0
M 14598 26580 26581 3000 417 22240 22242 3000 583 0 0 6000 0
M 14598 26580 26581 3000 417 22240 22242 3000 583 0 0 6000 0
M 14862 26671 26671 3000 334 22410 22394 3000 666 0 0 6000 0
M 15132 26756 26757 3000 334 22580 22545 3000 666 0 0 6000 0
M 15385 26842 26842 3000 334 22745 22699 3000 666 0 0 6000 0
M 15385 26842 26842 3000 334 22745 22699 3000 666 0 0 6000 0
M 15631 26926 26927 3000 334 22896 22850 3000 666 0 0 6000 0
M 15923 27012 27014 3000 334 23051 23003 3000 666 0 0 6000 0
M 16134 27098 27099 3000 334 23202 23154 3000 666 0 0 6000 0
M 16134 27098 27099 3000 334 23202 23154 3000 666 0 0 6000 0
M 16410 27183 27184 3000 334 23353 23305 3000 666 0 0 6000 0
M 16645 27269 27270 3000 334 23499 23454 3000 666 0 0 6000 0
M 16910 27355 27355 3000 334 23655 23607 3000 666 0 0 6000 0
M 17188 27441 27440 3000 334 23807 23759 3000 666 0 0 6000 0
M 17188 27441 27440 3000 334 23807 23759 3000 666 0 0 6000 0
M 17428 27526 27526 3000 334 23958 23911 3000 666 0 0 6000 0
M 17702 27611 27613 3000 334 24111 24065 3000 666 0 0 6000 0
M 17945 27697 27698 3000 334 24263 24216 3000 666 0 0 6000 0
M 17945 27697 27698 3000 334 24263 24216 3000 666 0 0 6000 0
M 18203 27817 27817 3000 500 24398 24369 3000 500 0 0 6000 0
M 18455 27945 27947 3000 500 24527 24528 3000 500 0 0 6000 0
M 18712 28074 28074 3000 500 24655 24657 3000 500 0 0 6000 0
M 18976 28201 28202 3000 500 24782 24784 3000 500 0 0 6000 0
M 18976 28201 28202 3000 500 24782 24784 3000 500 0 0 6000 0
M 19215 28329 28331 3000 500 24911 24913 3000 500 0 0 6000 0
M 19467 28458 28460 3000 500 25040 25041 3000 500 0 0 6000 0
M 19735 28588 28589 3000 500 25170 25171 3000 500 0 0 6000 0
M 19985 28717 28717 3000 500 25298 25299 3000 500 0 0 6000 0
M 19985 28717 28717 3000 500 25298 25299 3000 500 0 0 6000 0